0.833418 2.556357
-0.657557 -0.070780
0.873090 -0.678504
-0.086021 -0.477838
-0.124479 -1.215371
0.306400 -1.032968
-1.930819 -2.060527
0.416349 -0.995074
-0.274120 -0.817963
0.580120 0.319917
-1.143354 -1.120669
-0.343212 0.731280
0.501250 0.888324
-1.058692 -0.482951
-0.100338 0.098481
0.064817 -1.371627
-1.390974 0.226465
-0.139099 -0.361985
0.085624 0.384075
0.012176 -0.157298
0.859449 -0.977206
0.484002 -1.338190
1.223366 0.503268
0.009160 0.372465
0.805472 -0.445043
-1.052447 -0.318035
1.198639 -0.336256
1.264995 0.454077
-1.051924 -1.505275
1.469216 0.361158
0.108448 0.521629
-0.043075 0.901201
