1.699880 -7.444862
-0.773989 8.328464
-7.421043 5.430624
3.715642 9.434641
-0.434465 4.375307
-5.423808 -1.146294
0.631772 2.023643
-4.582316 7.728756
-2.537586 2.762039
3.205359 -5.028990
-3.068578 0.726677
5.494479 2.667443
5.253584 7.209702
3.538485 11.441750
-0.436430 8.461275
0.324101 -7.887219
-0.754385 -0.511565
-2.167427 1.132907
2.946326 4.547343
10.195808 -6.494587
-1.614948 0.856696
7.220622 4.417847
-3.383186 3.650336
-5.402321 4.111107
2.224457 0.035547
6.062421 0.151733
-3.114843 0.336095
4.255818 5.227390
-4.046173 4.875667
3.150107 7.978450
5.134712 7.190634
6.777293 -4.785125
