2.667084 1.101868
0.756107 0.858909
-2.704590 -1.516111
-1.555867 -1.371817
3.554564 0.565636
4.723309 3.646976
-1.735821 -5.007982
-5.980206 3.524665
7.329679 -2.046692
-2.769707 1.220872
1.744365 -2.193478
-5.099887 2.529503
6.713295 -4.976396
-6.054238 1.967741
5.942193 2.309662
-5.057764 -1.566032
4.524463 3.192945
-5.170056 -0.831795
3.267930 -5.025606
-0.420026 3.576892
-2.424367 -1.187730
1.750527 2.794637
-1.171066 -1.353017
-2.193153 -2.685010
1.765640 0.646097
2.330426 -0.093157
-1.548172 4.803119
2.778112 -7.307734
-0.667595 3.471581
-1.824389 -3.004677
-2.106261 2.107951
0.617414 -0.262053
