1.318176 0.527521
0.492622 0.493795
-1.500702 -0.847285
-1.257937 -0.501763
1.313773 0.038240
2.504157 2.968448
-0.904473 -4.674469
-4.835921 3.701887
6.199713 -2.075114
-3.459029 1.502525
2.558936 -2.046251
-4.701737 3.101836
6.251162 -3.887495
-6.324721 1.694752
5.828655 1.291321
-5.116862 -2.127044
4.778664 2.383600
-4.457144 -0.157330
3.047658 -3.476814
-0.442334 3.302406
-1.662507 -1.923186
1.853613 2.234835
-0.462657 -0.869045
-1.489226 -1.371730
0.948105 1.077318
1.213569 -1.142978
-1.879629 4.400911
2.119207 -6.017621
-0.655012 4.072613
-0.502249 -2.920092
-1.064123 1.962584
0.288251 -0.716375
