-1.131199 0.137936
-0.782511 0.484412
-0.545928 0.006967
0.419591 -1.101251
0.196757 0.511394
0.584893 -1.762294
-0.632058 0.666151
-0.710475 0.135755
-0.170204 -1.429826
-1.583086 0.219309
-0.165708 -0.136793
-1.409182 -0.116827
0.697646 1.136649
-0.439196 -1.001324
0.790835 0.380311
-0.342393 1.386049
1.769631 -1.436078
1.191956 -0.126398
0.086935 0.530137
-1.121899 1.599734
-0.891947 -0.216524
-1.290344 0.447766
0.566149 -1.340740
0.147235 0.048769
0.009661 -2.342506
-1.412361 1.421758
0.528021 -0.686706
0.088538 -1.797599
-0.028525 -0.160562
0.157805 0.259451
0.062017 0.570485
1.273861 0.732321
-0.222154 -0.309864
0.096659 -0.213238
0.698182 -1.482479
0.061052 -1.268021
-1.102463 -3.048555
0.848023 0.097692
1.101230 -0.720809
0.642680 -0.627082
-0.603108 -1.055961
0.147928 -0.515800
0.971413 0.729814
-1.085314 0.516476
-1.777608 1.189710
0.512894 0.216815
-0.672803 2.231745
-0.135419 -0.543869
-0.154084 1.320105
-0.230156 -0.696089
-0.230714 -1.153312
-1.064300 1.824809
0.361266 -0.764526
0.819440 -1.119643
-0.206495 0.951206
0.028033 -0.341863
-1.664603 -0.083852
0.309579 -1.049020
1.820399 -1.915029
0.200540 -0.195399
0.097244 -0.096729
0.251847 -0.805505
-0.626733 -0.641232
-1.515917 -0.025389
-0.360819 -0.365912
0.812791 1.399116
-1.011511 -0.570310
0.595648 -1.144600
0.094319 1.289109
0.220997 -0.013753
0.430136 1.739795
0.967080 0.983914
-1.253593 0.871390
-1.089835 -0.208864
-0.688125 0.586570
-0.624529 -0.778945
-2.404344 2.066734
0.710875 0.720262
-1.148286 1.909773
-1.197608 2.323875
-0.128166 -0.900321
-0.359815 -1.414443
-0.490577 1.361339
0.962287 -0.907844
-1.441784 -1.224439
0.071632 -0.216881
-0.669407 -0.250503
-0.611524 -0.199795
0.459449 1.227185
0.342875 0.867387
1.902525 0.894802
0.393644 -0.102882
-1.723299 -0.057480
0.697380 -0.031239
-0.323555 -0.256436
0.339705 -0.229304
1.203574 2.089502
0.008857 1.803158
-1.186315 1.435572
1.841814 -0.005881
-2.027898 -0.369603
0.682163 0.365085
-1.773725 2.442504
-1.123214 0.490581
-0.966324 -0.176228
-0.119371 0.681381
-0.295220 1.005513
-1.744855 1.021938
-0.873259 0.390116
-0.826420 2.723720
-0.544235 0.740863
-1.503679 -0.319055
-1.348280 0.044007
-0.949633 0.239817
1.952849 0.775504
0.564186 -0.823324
-1.607570 -0.433095
1.021192 0.343396
0.789596 0.173678
-0.758930 0.699570
0.881402 -0.873207
-0.687643 0.040542
-1.475914 -0.490894
0.188183 1.151925
-0.612310 -0.675354
0.306013 -1.040600
-2.163726 -0.467494
-1.774056 2.903534
1.769045 0.944428
-0.906045 -2.046409
-0.606223 -0.326634
-1.219156 -0.550169
-0.567780 0.333771
-1.391728 0.085309
1.804858 0.309215
-0.831330 1.226079
0.730898 -0.759546
-1.008248 -0.955137
2.363084 -0.578974
1.781078 0.262928
2.443906 0.821026
1.368561 -0.371660
-0.856621 -2.278978
1.569911 0.653829
0.269092 0.039145
0.203401 0.809159
-0.006263 0.809021
1.544643 0.523513
-1.055745 1.226382
0.351043 -1.733787
-0.474519 1.007064
0.153999 -0.204391
-0.929344 0.465194
-0.046874 -2.480649
-0.753308 0.445144
0.837862 -0.888763
0.919094 0.522273
1.360560 -1.007801
0.550628 1.677764
-0.443011 0.330533
-0.843355 0.329117
0.872802 0.506957
0.566968 0.707343
-0.622859 0.952537
1.148488 -0.505831
-0.300447 0.384873
-1.224165 0.516450
-0.772000 0.748618
-0.630821 -0.155538
1.574859 0.409693
0.569854 1.290626
-0.252196 0.545465
-0.555403 1.736404
-0.291119 -0.559485
-1.201131 -1.740862
-0.626975 -1.034431
-0.614922 0.330694
-0.583879 -1.638813
1.022473 -0.112418
-0.463986 -1.426200
1.006736 0.062613
-1.449445 0.666989
-0.592633 -0.684934
1.079956 -0.145570
0.642398 1.700167
0.745622 0.317222
-0.957413 -0.641573
0.645261 -0.785286
-0.598105 -0.859043
-1.442873 -0.365441
-0.185711 1.402034
-0.938649 0.886477
-1.579162 0.449267
1.508527 0.122209
0.193258 1.941705
1.698834 -1.342845
1.667586 0.304415
1.404800 -0.673105
-0.421571 0.661697
0.277570 2.289754
-0.864105 0.230671
1.622747 -0.563297
0.284024 -0.807286
0.677543 0.898226
-1.044238 0.546790
-0.330035 0.716863
0.276445 0.835980
1.882788 -0.358144
-0.468001 0.359250
-0.114113 -0.361455
0.874360 0.389139
-0.786573 1.208167
0.823796 -0.096816
-1.361140 -0.961602
-0.362348 0.368358
-0.440912 -0.362824
1.355333 0.553599
-0.751550 0.464662
0.306537 -2.631440
-0.026067 -0.740734
-1.105368 0.501265
-1.335195 0.158238
-0.529721 2.242164
-0.083070 2.018680
0.645352 -1.187667
-1.222528 -1.046558
-0.125837 0.832112
0.771622 -0.442404
-0.492470 -0.514146
-0.656971 1.344476
-0.703085 -0.406865
1.793936 2.252583
0.379418 0.207901
1.327899 0.145500
0.019167 -0.624993
-0.549747 -0.534255
-1.279688 0.430159
-0.599020 -1.326564
-0.910387 1.145981
0.674321 -0.390137
0.316106 1.147742
0.316735 -1.038228
0.257801 -2.011101
-0.179896 0.238911
-0.393207 -0.841555
1.159853 -1.548707
-0.062368 0.775899
-2.049161 1.809832
1.126307 -1.102322
0.777540 0.710575
1.319746 -0.814370
-1.163583 0.504508
-0.250838 -0.844556
1.426624 -0.126587
0.143581 0.448532
0.306919 0.758571
