-10.748504 18.639106
14.038212 -1.927837
-13.200123 -13.967232
6.525264 21.659448
-4.270254 -25.496724
9.232201 24.580335
-7.381430 -15.144994
-5.014872 5.047771
12.657422 5.005606
1.352482 -12.587650
-22.258491 4.986213
27.938528 5.508119
-23.801827 0.449722
16.347567 -11.921697
-6.841458 15.081319
3.200289 -10.008095
-4.359597 2.670758
-2.295332 -0.876315
11.332381 3.221269
-12.426417 3.236314
7.801651 -13.645253
0.977792 12.534378
-2.315421 -6.106357
-2.773790 -1.282537
5.541454 8.656278
-10.795345 -10.890133
8.804306 10.261373
4.559754 -6.991977
-12.496915 0.201664
6.950067 4.209250
1.009791 -4.288965
2.533877 5.581055
-11.523679 -7.150428
10.964887 4.122481
-5.922396 3.558402
6.464706 -8.401478
-3.705844 5.109295
-3.895700 2.579554
4.749831 -8.284226
2.468899 1.040222
-9.568174 16.978001
10.463495 -25.129129
-12.129746 15.599783
8.806553 -3.276454
5.140995 0.270211
-10.661334 -0.835314
7.801235 -0.891125
-9.215290 2.042688
10.679367 1.084853
-5.929978 -2.984347
0.825083 -3.552414
1.439390 10.841362
-5.076154 -12.976900
5.136683 10.474469
4.576721 -5.171930
-15.172886 4.708289
7.300181 -5.127564
13.423728 -0.193571
-19.330715 6.130400
13.442957 -6.909168
-14.254447 2.745764
14.907074 1.885666
-11.880419 -3.552676
15.130440 4.350627
-13.685217 -6.131841
2.488010 3.438926
1.468100 5.331756
-0.926586 -12.569832
5.397471 13.554449
-10.504735 -7.515105
11.341135 -5.229978
-7.331280 12.037929
-0.767504 -6.531567
7.886374 -0.157810
-9.143034 -0.096453
4.115691 4.139839
3.625188 -0.224238
-4.246006 -11.711678
2.103164 13.610802
-2.759450 -4.353481
1.614184 3.998253
-1.049717 -13.646907
0.166966 14.297784
3.251683 -3.000783
-5.301347 -8.284806
6.162387 12.332585
-1.901801 -9.562090
-7.827974 12.446372
8.690154 -15.683186
-2.190175 4.206242
-4.005622 3.324201
4.703604 4.465543
3.975787 -6.822134
-10.140723 4.270548
9.969464 -10.806726
-9.088526 12.832691
6.487556 0.049728
-3.446611 -12.934238
3.417478 11.959019
1.937112 -1.866954
-10.047866 -6.428966
5.297204 4.438029
4.647081 3.063221
-5.751660 -3.717182
4.232495 1.152155
-6.372180 -4.019984
6.868665 9.453230
-3.032489 -7.070083
-1.115853 2.966125
4.621734 -6.307429
-12.636931 5.787002
16.742239 -2.132448
-8.053057 1.062652
2.265405 3.776700
-8.070169 -4.558507
16.236073 -6.308022
-16.146062 19.315270
8.078909 -27.336348
-1.556949 30.205585
-1.710882 -21.610501
4.770256 6.336217
-11.023930 -2.309267
13.925107 -1.270632
-9.685358 10.421760
5.352203 -12.659069
-5.560226 12.042161
4.118647 -4.619681
5.452023 -8.199716
-9.308495 11.157076
-1.200784 -0.812508
14.931445 -11.603086
-19.774392 11.540410
18.360724 -3.905279
-17.866805 3.255460
11.299984 -10.225602
0.298798 11.178445
-4.458577 -3.833527
5.380189 1.932481
-7.806820 -7.414862
0.875753 11.483707
12.015162 -11.358994
-15.003091 9.389421
12.053292 -5.943269
-8.354852 1.009635
2.842960 -0.350060
2.262243 0.058182
-8.567419 6.502481
8.512317 -8.006684
-1.351895 4.118345
-0.310880 -0.282134
-3.325759 -1.466998
1.950471 -3.022788
3.523076 4.387779
-5.979263 -0.680154
10.154559 0.793571
-14.339949 -3.868478
12.033307 2.293383
-11.677793 7.221607
16.737850 -14.614035
-19.086990 14.722517
20.563265 -8.255438
-21.119164 -4.295455
10.604719 9.917402
3.445662 -4.007839
-0.043857 -6.163471
-13.014271 9.223505
10.162932 0.092434
1.886021 -8.784304
-6.142283 11.179763
1.762001 -13.486873
7.949256 10.409508
-10.629570 -3.638169
2.436842 2.647557
3.401977 0.506981
0.626549 -9.684689
-11.408474 12.221896
14.544099 -2.978491
-7.940330 -2.556002
4.904853 -3.794614
-3.477407 10.201878
4.743773 -11.280721
-12.890731 11.751737
18.693360 -8.949315
-16.902607 3.416808
11.701322 -0.853090
-9.212055 -3.669810
9.802641 6.893886
-13.583080 -8.249063
14.431480 13.509116
-7.773104 -13.285099
4.379778 10.795191
-5.959794 -9.436216
7.018759 -0.362396
-10.082976 10.127554
14.982550 -13.416178
-13.878283 11.976345
7.884518 -5.357306
-6.646491 0.787083
13.280423 4.382585
-16.941595 -8.918240
11.838115 4.580214
-9.869354 -1.545222
13.861362 7.684441
-15.911782 -16.324037
12.338148 18.818498
-3.963903 -18.886625
-3.190353 19.283335
5.761418 -12.997582
-9.096323 10.900667
4.898829 -17.126424
8.690994 15.257386
-11.891140 -8.608134
8.659191 7.321150
-11.017165 -4.350181
14.969917 -0.893378
-16.541000 -3.381423
10.969644 10.170050
-2.409387 -6.079777
1.244355 0.328260
-4.678156 0.433300
8.301213 -3.463759
-10.576388 11.090252
3.112729 -11.562926
2.213324 -3.974661
2.903929 17.396347
0.824024 -14.690210
-5.621517 4.975247
1.545534 1.208689
6.940007 -0.187185
-16.705288 -2.541523
13.338883 6.337295
-2.288015 -11.881669
1.894941 7.182936
-11.896482 8.200015
14.862194 -14.636518
-4.393886 6.713076
-2.291428 0.203708
-2.330465 1.848813
5.556389 -7.580074
-3.155142 5.930595
-0.838472 2.875188
5.346968 -3.726972
-8.639957 2.963953
12.887559 -7.062350
-15.254787 3.155849
12.873794 1.825920
-16.205372 -0.757357
23.441669 0.985699
-15.171258 -0.179818
0.366369 -1.714130
0.912385 2.343043
2.421190 -5.047716
1.523727 5.465529
-10.870786 -5.047674
12.262164 13.777665
0.059407 -23.402969
