0.774196 -0.824310
0.855667 0.946043
-0.855449 1.167392
-1.255950 1.049960
0.967524 0.897820
0.420018 0.237584
2.052854 -0.721447
1.064587 -0.888225
0.646476 0.959534
-0.120272 1.067077
-1.290602 -0.320828
0.374298 -0.728443
0.687783 0.369683
0.300405 -0.832206
-0.589420 0.975924
-2.183811 -0.477586
1.513595 -0.253914
-0.169549 1.687417
1.189959 -0.316302
-0.342185 -0.639614
0.581690 0.125303
-0.892476 -0.977974
-0.423962 0.890923
0.506338 -0.468710
2.119149 -0.266467
1.947485 0.212987
-1.384627 1.674676
1.558217 1.429202
-1.023809 -0.026123
-0.923417 -1.778390
-0.597201 0.688116
1.353786 -0.972615
